$ANSIBLE_VAULT;1.1;AES256
35623762646437616662346461613731353339396665623237376139303864623261653663323065
3466656637623931306366656638633133306333623135610a303535623731363234623866366139
31396662623564373439646637623831623562616235333066616263653634326664636435393164
3865363231623835310a373263616266386237663661363331383633356461316661633333313634
30313561383331343364363139326362353164366666336634383130383466343436303330356436
35336539343030653766356133616262313636313064333132346231613938303631313434383035
38346465616236633637643832613265323830323035646137396462633736666363303233616331
38666534336637306230353735336464336238663866373031363864363938623733393937626366
35396364316363653364623338626564626333643334383936616538613134373638333933373238
34376162366434393733333833376266393235336130663366653032383635393333346364353563
39336666663437383363343965353334366339383637373538636566346330333031636665393137
33656566366536366666623966636132616162356162383930666133356566623061323063663930
38663039393264346262653466373765613431623838656338366364633635386235633131633737
35373931626462346132396165646231303534353961613033396636613866376238323535656238
66663762336633656630613639346561353764643235303135303761666430653730303132313134
38313037366661376264376466666539643766656132346432656431306463643663366362666635
39643533653165353761373735386462316232366562313439316635316336346163666466303265
34326131626139353334623032343730306630613638633136363539383438623337343039626663
37663638616565663933366339633735653034323830613366353234626133376534613938623861
34646263326235616431353363333837363432646464633938353736356434613331323261653531
37323736616234633631373764386361393031623566653535643538333561336433633635623661
32343732646538626537343835346639656134383165643562343463333433323539333765636233
61636564393762313061316537303561666661653836313331383232393833323163663534353662
66653030383136313134
