$ANSIBLE_VAULT;1.1;AES256
32343238663338346634653833363661646637323935336339303837613663373638373234663332
6334613262363236303230313735333033643764623936630a343462383465623138323136373463
61656638373166346561373036376438636439343961323766633030623535353262663838326531
3338336634303333330a396230363837326666383837646231383662336533346665333434376433
66313539373766616339666161326235376438333834373062393730346162653661656338633835
34633466326461633934613533326336306638646630653632646136663631316462326164636236
33313532363838623461613032616136323336376433663833656432393733383237653365653237
33313431666233306534393761333162626262313137373361353934393966303033306261393737
36333231646638303665393832626131663035626337383637613335633637393532353036356562
61663335393731376163653661653437343834663265623062323633643031383536363165633165
61633139336361303730633763353032396234656261323331373165626665356464323236633661
36366261633836363137613464323563633338373363346165323433326439643262343564343461
31396166373761353766373637613730663766623164323863646564383264323639383738356238
30303037653033323234313262316337636531366663643537616262646238323834656639366138
64313333386438656634653133303365376163376130613266376231636135303130336532626165
64633464356238633862393730323334613636383465623437383333663033313835656163613132
32326263666231303965356265303339616166333333386466316332323630313535393233323436
64303236646465323364653564643333663035623837343664313932383932623761306535343035
63316233326434396434626463623235623239303633333631643264333161343237343765386464
63313166343134393363623430313630303966363539376535646163633531616163383833653763
34636433336565663863333834653033623564383361656261323337653337616636613938363731
30333437373832333463393836643235646566613364306536353637646436383264323733633461
37333438633739336231356430353866396634643864366136363731666562326433663062613161
38623230343739396663333464646461396366313634623465663566303163303266653139356434
61373535633937666239386136343365343866363263613539323233326163383264306236306435
37303164356539353337383861646138643630616535333332383439306137373939656634373632
64366661313736353937323734393933386239636239306437306462383466643131666266373463
30323166653131353361643930333864333162366466396363656166323533303665343238653031
30366561636162643131363332613532353130303164313431313934643332316633623266383630
38636665623337383232666336323031663137313137373037323337373762363163313366313138
35333066303963346165353736333362636233623938333938353462306633376537376664613565
31663263363135393163653137303335643062333838343936653338643066643034303866386461
36333561386235613165646665613164333235306662626636343237303831613365323234653536
33383761323530323362666330313863616663346565383861316561336663393739326365623837
39663935633630383834343038336139346461323635326466343636666635376562643133313962
65623465363937653733373365336137323937393134346463653539303835633231343638646536
32353234653334623332663636326166343939663531363039353632623538393336636565353235
61386336343362323233333364656466323331353837666465663137653434363361353139333164
66396662623035623635323139646265356630343963643631373436653339633231663266363739
62656131333432363231353234656363383637393164383834363865383239346233363765626463
66366563613961363533376462653765306164393766616466656262313434643630333330353035
34393337383164613766383333356332386131303164313466613832343435363535383630613462
61316535323561356263386531623262366365376330376662616438653161343638356232643334
38653462656630613163316635653033643761323931613662373163363966613731343537346330
66303330303763633062643930653865383638633833666538363665316331623364376531643936
31393331633338336130636265623638323839316637633235643463376130653164363930363164
32353233303662373535346637613761613535643063643562646133626431353832653836336466
64346264343834353435656337663733643761356164633363623332326339323165613132373733
61646633616362306439646635323636333965356332363362636264626466336230303761326333
66323462666161386264303462653166346138646464363534613336303632626564316561333262
34653136376637316666333933663564376262646334633364393430376135626666313635623261
36383766626562356431666134666537366633363565346532366233663038303330636536373135
36356634636565616135626333333730363539623863616163626435323239326236326139386439
34613835656561653231636163306264626538653037623030333565373539326264326637613961
31343537353435653235386138383764396432613537346433663038363330313833363665303634
37656631643437633131663031343232373463393832386263333233363063353532376638656231
66653037356461383931636635626233303862333230613137383934626539633331323235363033
34366233333865323064306238373434323263663538643938613432326565353335613938363063
34366564316135376236633162633464323536396539333633613139383432333636653634353665
62656538333438613364303537616434303030303436386130643065623035383939336361373830
38356564633431326465333666646532353366343733326635636137646663633734653938316465
34663235333732383332353633643761623133623166303066396564663162393833323366353235
33663165666434333937356433313834346164636631386333616431666530356231623762366663
61663133306231633934356339653637373662396536343038326334306463316663356364353061
62656537333866636531663834303965333137643631663930656462393766663935326132636634
32323138656564653665396532386464366636633235666438323633353865313065316332306234
66663036663534613832336536346166646665613034393338626565343135323930326534363661
35393266633565363034656361636637393662366162313434626533613763333333376436356466
32623761656463346231663431643935666136636362326237323734373832663662343330363866
30383235666165613363646164313133636536356438613432346438326335333661316132313733
39303536363539663363643865656366353533643137633434383836333332336530646339303238
30313866663934353066666530366633303336323734326439323833656566393661653136643361
37393161653364343861336462623831626166663666396336343862316432346161343932383461
37636466333839383933353332376661323566666334646266303035333366316231313832333564
64366236346139666333663637666162333935326665656537373466356465363363383430323431
32646233666335316263623862393038333233623935353938393261643636336162366139363663
39313131396365326565643537663336353139343766656632633730633532316637343936623861
38353537346237623135363564636265633263343736613231306437383530303163393837373262
65343936633235323539643734663239646134393636343761653732613537333766333363383331
39386135623361653539323365613561613666633234333161643765326362653662323030383232
35323866636535666561373865636433376335353133366136323061316637623462303733356464
32656336653137386663636262326135343238353663653864316639643063653962653530663536
61643464353937343566646464643938383537373362623236306265623135303636393238393731
38633933656534306463666331366263663633666466623039303032323065623535333835613030
65363666333861393932383533373563666536386664336665376235343936326362653862656334
63653838613263653930343861313663393662613961653931336538653530303266333239326238
61343034383332306634333530653662303163333062363432653931386464623138363064303763
38343765326562626261626235356235333364353936643031306630323066313338613566316139
37363633346130333631323436363539633865653865373162303037356131333939316630313463
64666565333235323233623965643562376163316464646165343733333961306135373762373034
31623831636661613838363464633466633437633732626566656135356464306462643438616366
33356437396333303464636566313839363537386166306633376132396263656563633264626535
32643032663337386163383266303661636362343532323363313939393139643432343735383937
35653664373634613833616639656266646461366564373536623564623532396565386365393365
64383766353461653538373461353165613138383332323436313933393731633635376564616166
39366661376666383163653235306336366430653931393435653237323733376138646631306265
30316662643235633330636232353137633634656234363833646561306230656138623465366565
34316461333063613936353562303339613034626133653163346233356165616238363736373338
35613031373838343238623833613130393037326162393233366264353166363962313836653530
30316433393732653464636334393430356234613465383037333335636661393833396334626562
33666530653639636233366463663866313736626261646435363964323130613663616233373765
63653931363030656139653732326533656332363837643530363738626533306564356565646266
35316532633130613164663361376563343737393266356238306231323331613661393564356532
61633536393830636338626439393263386466373137333431373132303233346465326262613661
63366532656563623964323061643865623466356637363438346235393432323539313036653330
32646439366237663430323034636563613462373930353265613737396461633739363532613066
31333335316435323936306236343833326562666136653565366266343666313639383437393664
36663634316533396263343362383766303330623066396365316438353832376164353761623737
66356635303136643236663431613132316630346231656436383630646462643438363831353961
37316262326466353838393139636335303731653166636538633236323739346664373930323931
32306535316362666332616566623839366433646166333530323662303139356536323030333534
32333664636535363037343133653165623965613632333465653666653662366532616263356362
35313964316562343534666131393237376561386637373633626565383035636333653734333962
62663966343064323938326230646236313861343633336332353737353638303334613461633662
34353931383836613465616265646561326135373334353864363833313931613738376265323534
38646532653130396531646461393436643738353634646165633961353337393961616362383965
65646162306166383064303435373364636138396637393435663366653064333864306265346132
33353764363963616630643266323130376461353736323138376433326663666237626431363533
66313934393835366566336533626465376535653532623235353332663735626336363861346536
38313939323065326133363961626636363464323633353465636533373634306137353338306163
61356534363835626534653034666365386539356464373961306665663166663433326361343630
61313337626161373336376536663834373630666161383730343039656539353730343735646165
34656431373232383736306533613065663430393231663765653936666333633764306638333865
65353765366433353339633265353965656433323162386138353764613932653538343562646663
61383438616438643962353766653461643332363036343762376534616366376137633063313839
30373664643366366262303764613064303762613737383734306236633862376631393337376565
65643535376130313965626366313461663866323739386433336134343966626666363432333037
39643135373932376338303265323430343334333930356637393832663462623464313335383134
32653732356364306662663865636237396535383232323733373633383433303035306639363237
38633735643465616132376366386465303164613362646461396534303730636463376432636362
36346661316632313238373164356336303536366165633561336234613831616662313762626635
35376236623364663966316136346637363530336661623837303531336431306461393132636539
34363337633565383634643964326437383430353333346561353366343661313337323834353363
64313235376133353038326633336139353638633165666130616336396431646531373762306637
366166313031656561623861313735393037
