$ANSIBLE_VAULT;1.1;AES256
63666431303761353166653437396538393034363466623833333934643930373535333362623334
3339393366383561393239663932636131393436326565390a616232623339373362376665636636
66663933666463316261623566393361313133326164333466653063386463653233356362663337
6436353764353233660a393365383935643066616661336137633334383766613136366433656561
31386435376238643930626630646435383935383262353831633662313237636332363436373736
62303637616261653732623031366136313836313737653235663130656534623434393163333239
65326463306662303037666532313761303162336236353635396665326362336435666131323462
34396236386338356666396631636365373661646233333364396231353938663266356331626162
36373638656461656262636330396534363537376237363962333662383461643337613438333861
30313961633466306132313862633263636231343135323532323633623430623336616536646466
30303930326461613036396535626163376134613838376635303233313863646364653033613062
38373466343062336236363161633032363136383034313133623763393530616534393363353538
33636661613035303932346337643738633435643736613037623538313666306662323661323733
36653063323363626634316236363637643264653332666263386433363565386264316633303762
37316161653237396366666136316565343064393538633232663633333737336362393530393239
37643432396333313464326138386334346139393234626462313862393337333836653264383362
31646365356337613663663834643739386432616365393433303865636633646531343039643334
36363430363466663938326266646331333231386437346237623165386365343866313833643937
66656634656335343237363133393963393238613163366462626137336137393037343535633662
37396338376564623431313366373435633963376364383034316164306565343938383661636630
64643535623034623135373163343262303839343534323961353933393363623831643436613030
30363364393336366633366330333437656539613637343532343362386238326664653665346663
30313762613237353566306464653732373739356633363137653732396233303765666366356439
65343535633130313831313638353631646531343337666230393430303137333034373963373233
32316531326433636339653866316661613137666633613333626337393033663831656462343061
61303761633363323831376362643565646234623466613830333835336434373464323433306233
386336353964346165356666613834646663
